10             1.9864637      29.216739      0              0              0              0.092143404    0              0              0.031095795    0.14075597     0              2.6754276      
20             1.8197829      27.627755      0              0              0              0.13267467     0              0              0.044572409    0.27519877     0              3.0555144      
30             1.6967567      26.113043      0              0              0              0.16285786     0              0              0.05766336     0.35150748     0              3.2827048      
40             1.6087081      25.854631      0              0              0              0.15605396     0              0              0.065270434    0.40075143     0              3.1601016      
50             1.5102772      25.671416      0              0              0              0.15593475     0              0              0.075322752    0.43234238     0              3.0550716      
60             1.4255059      25.013294      0              0              0              0.1675172      0              0              0.083945772    0.45253271     0              3.1325047      
70             1.3568671      24.59538       0              0              0              0.17460868     0              0              0.084656097    0.46609658     0              3.2135711      
80             1.3095441      24.229239      0              0              0              0.16286914     0              0              0.080805971    0.47557283     0              3.2632594      
90             1.2711836      24.197692      0              0              0              0.1429171      0              0              0.075003783    0.48182906     0              3.2216561      
100            1.2412393      24.076774      0              0              0              0.12843925     0              0              0.068847313    0.4854494      0              3.2286041      
110            1.2156855      24.01932       0              0              0              0.11444016     0              0              0.063332983    0.48718804     0              3.2247783      
120            1.1992004      23.916771      0              0              0              0.1030656      0              0              0.058263282    0.48766386     0              3.2116962      
130            1.1781911      23.970329      0              0              0              0.0922166      0              0              0.054630319    0.48724761     0              3.1805971      
140            1.1376655      23.943945      0              0              0              0.084770477    0              0              0.052141352    0.48571558     0              3.1610981      
150            1.1009766      24.004252      0              0              0              0.080495076    0              0              0.05030448     0.4824179      0              3.1595481      
160            1.0767543      23.964552      0              0              0              0.0768985      0              0              0.048985248    0.47669438     0              3.1669636      
170            1.0713074      24.039333      0              0              0              0.073787302    0              0              0.048013       0.46888788     0              3.161474       
180            1.073927       23.852031      0              0              0              0.071888654    0              0              0.047085455    0.4595029      0              3.1602682      
190            1.0783412      23.847288      0              0              0              0.069903744    0              0              0.046197786    0.44900067     0              3.1639736      
200            1.0943765      23.79398       0              0              0              0.068169473    0              0              0.04514318     0.43800513     0              3.1723461      
210            1.1000535      23.721849      0              0              0              0.066039243    0              0              0.043865821    0.42730135     0              3.1786464      
220            1.1026251      23.673657      0              0              0              0.063868597    0              0              0.042371503    0.41732354     0              3.1795884      
230            1.1009299      23.667038      0              0              0              0.061252063    0              0              0.040757676    0.40804607     0              3.1775992      
240            1.1068534      23.680389      0              0              0              0.058899651    0              0              0.039016659    0.39919377     0              3.1738754      
250            1.1110768      23.68442       0              0              0              0.056487616    0              0              0.037194238    0.39106048     0              3.1740878      
260            1.10557        23.718856      0              0              0              0.053295363    0              0              0.035210881    0.38391966     0              3.1643042      
270            1.1032157      23.714191      0              0              0              0.048852384    0              0              0.032842714    0.37782147     0              3.1284145      
280            1.096868       23.932818      0              0              0              0.043245354    0              0              0.029903668    0.37265659     0              3.0686389      
290            1.0889252      24.016732      0              0              0              0.03807253     0              0              0.026575983    0.36800285     0              3.0195952      
300            1.0788957      24.082168      0              0              0              0.033984937    0              0              0.023650767    0.36414321     0              2.9985158      
310            1.0645905      24.111074      0              0              0              0.030718727    0              0              0.021800684    0.36072566     0              2.9933333      
320            1.0496118      24.200631      0              0              0              0.028373792    0              0              0.021243656    0.35760319     0              2.9763798      
330            1.0427066      24.1886        0              0              0              0.027679964    0              0              0.021575033    0.35467234     0              2.9746513      
340            1.0362461      24.152622      0              0              0              0.028123487    0              0              0.022450167    0.35177212     0              3.0077964      
350            1.0369833      24.071172      0              0              0              0.029263714    0              0              0.023646065    0.34909548     0              3.0363951      
360            1.0461443      23.995846      0              0              0              0.030808586    0              0              0.024807021    0.34647628     0              3.0633327      
370            1.0479307      23.920658      0              0              0              0.032297258    0              0              0.025905007    0.3441772      0              3.0899312      
380            1.0562584      23.843489      0              0              0              0.033757995    0              0              0.02684232     0.34217964     0              3.1060659      
390            1.0653638      23.802063      0              0              0              0.035006666    0              0              0.027635012    0.3406589      0              3.1208621      
400            1.0665153      23.707697      0              0              0              0.03608278     0              0              0.028216526    0.33976662     0              3.1383756      
410            1.0693672      23.642643      0              0              0              0.037027599    0              0              0.028615305    0.33934374     0              3.1529181      
420            1.0718335      23.630717      0              0              0              0.037472653    0              0              0.028796705    0.33917805     0              3.1662796      
430            1.073565       23.553377      0              0              0              0.037889881    0              0              0.028832639    0.33917452     0              3.1832497      
440            1.0723235      23.462596      0              0              0              0.038537967    0              0              0.028700443    0.3397085      0              3.1951639      
450            1.0773892      23.428648      0              0              0              0.038675663    0              0              0.028438535    0.34034603     0              3.2057244      
460            1.0770495      23.362124      0              0              0              0.038585726    0              0              0.02802979     0.34108125     0              3.2088248      
470            1.0764196      23.382376      0              0              0              0.038337989    0              0              0.027573902    0.34204868     0              3.2115668      
480            1.0647547      23.364854      0              0              0              0.037801943    0              0              0.027111338    0.34307544     0              3.207204       
490            1.0541467      23.368557      0              0              0              0.037156162    0              0              0.026497224    0.34392145     0              3.1984929      
500            1.0456474      23.373997      0              0              0              0.036274695    0              0              0.025818338    0.34457221     0              3.195435       
510            1.0400949      23.429038      0              0              0              0.035369332    0              0              0.025185284    0.34500691     0              3.1909472      
520            1.0369517      23.413644      0              0              0              0.034582805    0              0              0.024546449    0.34499227     0              3.1815283      
530            1.0329998      23.431127      0              0              0              0.033792615    0              0              0.02402537     0.34465977     0              3.1695566      
540            1.0373603      23.388161      0              0              0              0.033075691    0              0              0.023659942    0.34394053     0              3.1665073      
550            1.0394577      23.369455      0              0              0              0.032623754    0              0              0.023347476    0.34296399     0              3.1638639      
560            1.0427829      23.451547      0              0              0              0.032007293    0              0              0.023179593    0.34171954     0              3.1570128      
570            1.0470119      23.436368      0              0              0              0.031559962    0              0              0.023118018    0.34023628     0              3.1576092      
580            1.0493128      23.461683      0              0              0              0.031439039    0              0              0.023114962    0.33861243     0              3.1516594      
590            1.0487027      23.424258      0              0              0              0.031182537    0              0              0.023115002    0.33703056     0              3.1475299      
600            1.0505828      23.491409      0              0              0              0.030698097    0              0              0.023060812    0.33541947     0              3.1410787      
610            1.0437897      23.520951      0              0              0              0.030136756    0              0              0.022849994    0.33392403     0              3.1330864      
620            1.0444033      23.585243      0              0              0              0.029147179    0              0              0.022508009    0.33255083     0              3.1120017      
630            1.0454153      23.700869      0              0              0              0.028110797    0              0              0.02190358     0.33132112     0              3.092788       
640            1.0415464      23.708855      0              0              0              0.026773387    0              0              0.021192893    0.33009503     0              3.0715179      
650            1.0423612      23.750758      0              0              0              0.025398681    0              0              0.020493587    0.32896778     0              3.0497557      
660            1.0419361      23.803953      0              0              0              0.024303597    0              0              0.01988482     0.32798418     0              3.0382448      
670            1.0353687      23.821886      0              0              0              0.023502425    0              0              0.019449754    0.32698594     0              3.025803       
680            1.0331091      23.873851      0              0              0              0.022988337    0              0              0.019195181    0.32599135     0              3.0262345      
690            1.0285679      23.84656       0              0              0              0.022766896    0              0              0.019085647    0.3249923      0              3.0297307      
700            1.0259936      23.831442      0              0              0              0.022858944    0              0              0.019072993    0.3239419      0              3.0503246      
710            1.0282318      23.805426      0              0              0              0.023170762    0              0              0.01911764     0.32295137     0              3.0628418      
720            1.0317783      23.736192      0              0              0              0.023451853    0              0              0.019264323    0.32197689     0              3.0789257      
730            1.0387024      23.725354      0              0              0              0.023728231    0              0              0.019474158    0.3210174      0              3.0908582      
740            1.0407516      23.608671      0              0              0              0.0240869      0              0              0.019707534    0.32011413     0              3.104008       
750            1.0393669      23.54552       0              0              0              0.024341436    0              0              0.019929301    0.31934226     0              3.1168734      
760            1.0422924      23.528767      0              0              0              0.024502837    0              0              0.020126129    0.31874711     0              3.1237033      
770            1.0431638      23.528689      0              0              0              0.024779749    0              0              0.020282059    0.31822876     0              3.1263226      
780            1.0416918      23.521112      0              0              0              0.025022204    0              0              0.020402974    0.31768379     0              3.1314024      
790            1.0400608      23.465333      0              0              0              0.025225656    0              0              0.020520251    0.31737374     0              3.1391181      
800            1.039402       23.45249       0              0              0              0.025518996    0              0              0.020642697    0.31726851     0              3.148557       
810            1.0357963      23.410105      0              0              0              0.025954085    0              0              0.020723408    0.31724394     0              3.1522035      
820            1.0373721      23.395857      0              0              0              0.02621014     0              0              0.020837559    0.31738075     0              3.1585848      
830            1.0316101      23.281928      0              0              0              0.026391643    0              0              0.020923423    0.31760009     0              3.1599867      
840            1.0285271      23.31035       0              0              0              0.026561479    0              0              0.020985356    0.31773037     0              3.1672076      
850            1.0251564      23.332192      0              0              0              0.026774415    0              0              0.021023509    0.31772927     0              3.1742838      
860            1.0238112      23.268797      0              0              0              0.026683081    0              0              0.021071652    0.31769212     0              3.1777323      
870            1.0210202      23.304936      0              0              0              0.026833241    0              0              0.021090126    0.31762409     0              3.1750259      
880            1.0237788      23.297784      0              0              0              0.026748625    0              0              0.021147015    0.31756413     0              3.1728153      
890            1.0278777      23.329642      0              0              0              0.026728193    0              0              0.021179745    0.31737636     0              3.1662514      
900            1.0288934      23.383942      0              0              0              0.026636184    0              0              0.021218784    0.31717536     0              3.1591394      
910            1.030663       23.362923      0              0              0              0.026456557    0              0              0.021252547    0.31694815     0              3.1582865      
920            1.0347377      23.356857      0              0              0              0.0261648      0              0              0.021239071    0.3167296      0              3.1522322      
930            1.0359923      23.372367      0              0              0              0.026038148    0              0              0.021228193    0.31637863     0              3.1471856      
940            1.0361225      23.423139      0              0              0              0.026079324    0              0              0.021171343    0.31609773     0              3.1416149      
950            1.0361987      23.352666      0              0              0              0.025929292    0              0              0.021173262    0.315911       0              3.1342684      
960            1.0370751      23.412345      0              0              0              0.025837809    0              0              0.021177236    0.31570141     0              3.1230992      
970            1.0325515      23.430681      0              0              0              0.025656282    0              0              0.021154105    0.31554174     0              3.1151548      
980            1.0322469      23.493274      0              0              0              0.02533567     0              0              0.021034512    0.31534844     0              3.1035854      
990            1.029051       23.510361      0              0              0              0.024946044    0              0              0.02087312     0.31518604     0              3.0891847      
1000           1.0251192      23.637095      0              0              0              0.024520897    0              0              0.020611942    0.3150028      0              3.0735588      
1010           1.0216996      23.64013       0              0              0              0.023964025    0              0              0.020274193    0.31489452     0              3.0602155      
1020           1.0169676      23.664758      0              0              0              0.023418907    0              0              0.019955155    0.31466579     0              3.051168       
1030           1.0206744      23.711206      0              0              0              0.022994311    0              0              0.019625053    0.31442477     0              3.0558232      
1040           1.015402       23.724295      0              0              0              0.022653196    0              0              0.019354822    0.31406702     0              3.0578789      
1050           1.0175574      23.701622      0              0              0              0.022345313    0              0              0.019134676    0.31371319     0              3.0574626      
1060           1.011547       23.696113      0              0              0              0.022185577    0              0              0.018965155    0.31323506     0              3.0631597      
1070           1.0162971      23.610216      0              0              0              0.022173445    0              0              0.018868413    0.31272445     0              3.0730809      
1080           1.0208222      23.630813      0              0              0              0.022207923    0              0              0.018808429    0.31226129     0              3.082577       
1090           1.0221187      23.593435      0              0              0              0.022235469    0              0              0.018777684    0.31168377     0              3.0847283      
1100           1.0252877      23.520484      0              0              0              0.022324813    0              0              0.018790556    0.31095552     0              3.0947094      
1110           1.0281175      23.492912      0              0              0              0.022449301    0              0              0.018810977    0.31039659     0              3.1056399      
1120           1.033453       23.519068      0              0              0              0.022562234    0              0              0.0188941      0.30995973     0              3.111234       
1130           1.033142       23.516056      0              0              0              0.022780831    0              0              0.018971624    0.30954774     0              3.1175253      
1140           1.034129       23.44736       0              0              0              0.022852055    0              0              0.019069718    0.30911924     0              3.1257931      
1150           1.031222       23.392042      0              0              0              0.023026002    0              0              0.019145863    0.30878607     0              3.1340562      
1160           1.0361734      23.388224      0              0              0              0.023219563    0              0              0.019206615    0.30868885     0              3.131978       
1170           1.0294782      23.367256      0              0              0              0.023312786    0              0              0.019284524    0.3085881      0              3.133602       
1180           1.0254714      23.362493      0              0              0              0.023465549    0              0              0.019399767    0.3084537      0              3.1400276      
1190           1.0223998      23.360634      0              0              0              0.02355952     0              0              0.019476825    0.30842091     0              3.1447192      
1200           1.0222506      23.314607      0              0              0              0.023737267    0              0              0.019541594    0.30842401     0              3.1510945      
1210           1.0198379      23.313815      0              0              0              0.023811395    0              0              0.019597135    0.30839662     0              3.1570549      
1220           1.0209993      23.354951      0              0              0              0.023676501    0              0              0.019667576    0.30822505     0              3.153696       
1230           1.0188545      23.341766      0              0              0              0.023649135    0              0              0.019723812    0.30805328     0              3.1519171      
1240           1.0214439      23.276136      0              0              0              0.023771453    0              0              0.019715838    0.30784192     0              3.1579293      
1250           1.0167011      23.282321      0              0              0              0.023722445    0              0              0.019698434    0.30768564     0              3.1642794      
1260           1.0200895      23.323094      0              0              0              0.023655826    0              0              0.019646365    0.3075684      0              3.1515289      
1270           1.0228315      23.276068      0              0              0              0.023585918    0              0              0.019575372    0.30740832     0              3.1499308      
1280           1.0267406      23.289453      0              0              0              0.023487669    0              0              0.019509354    0.30731657     0              3.1441789      
1290           1.0238752      23.258043      0              0              0              0.023485434    0              0              0.019457654    0.30719481     0              3.1465443      
1300           1.0287041      23.316562      0              0              0              0.023224226    0              0              0.019406583    0.30713954     0              3.1388357      
1310           1.0260599      23.281139      0              0              0              0.02313118     0              0              0.019389361    0.30710179     0              3.1329189      
1320           1.0262725      23.323555      0              0              0              0.022984416    0              0              0.019364266    0.30703894     0              3.1242552      
1330           1.0245739      23.423681      0              0              0              0.022721912    0              0              0.019311078    0.30702805     0              3.1108045      
1340           1.0277366      23.43479       0              0              0              0.022567277    0              0              0.019216752    0.30702419     0              3.1074997      
1350           1.0251346      23.427373      0              0              0              0.022395178    0              0              0.019089454    0.30712479     0              3.098024       
1360           1.0226472      23.474323      0              0              0              0.022198185    0              0              0.018966919    0.30713566     0              3.0912246      
1370           1.0159991      23.52966       0              0              0              0.02203104     0              0              0.018840817    0.30718213     0              3.0842064      
1380           1.0139508      23.509283      0              0              0              0.021789573    0              0              0.018709916    0.30717711     0              3.071785       
1390           1.0108199      23.53204       0              0              0              0.021598069    0              0              0.018605177    0.30708739     0              3.0698427      
1400           1.0086695      23.557312      0              0              0              0.02142204     0              0              0.018504481    0.30701658     0              3.0666953      
1410           1.0096634      23.571874      0              0              0              0.021257269    0              0              0.018436732    0.30687997     0              3.0624074      
1420           1.0040295      23.558998      0              0              0              0.021194921    0              0              0.018353868    0.30666722     0              3.0652628      
1430           1.0058         23.587873      0              0              0              0.021107454    0              0              0.018286747    0.30638369     0              3.0718512      
1440           1.0093769      23.527831      0              0              0              0.021147417    0              0              0.018206432    0.30604724     0              3.0804726      
1450           1.0116913      23.483959      0              0              0              0.021017194    0              0              0.018154556    0.30573602     0              3.082963       
1460           1.0187189      23.464581      0              0              0              0.020985996    0              0              0.018172897    0.30540076     0              3.0916123      
1470           1.0239422      23.501889      0              0              0              0.021104237    0              0              0.018217325    0.30500032     0              3.0953291      
1480           1.0259269      23.511968      0              0              0              0.02127687     0              0              0.018265809    0.30468689     0              3.1013651      
1490           1.0308058      23.477353      0              0              0              0.021355313    0              0              0.018329189    0.30438144     0              3.1000866      
1500           1.0313373      23.422767      0              0              0              0.021488968    0              0              0.018409826    0.30409341     0              3.1066762      
1510           1.0334987      23.422753      0              0              0              0.021606156    0              0              0.018517619    0.30377351     0              3.1205797      
1520           1.0291894      23.392899      0              0              0              0.021805134    0              0              0.018635721    0.30351337     0              3.1223427      
1530           1.0314426      23.406144      0              0              0              0.02195319     0              0              0.018754194    0.30326355     0              3.1257089      
1540           1.0239098      23.422916      0              0              0              0.022088425    0              0              0.018841442    0.30297753     0              3.1261473      
1550           1.0253506      23.345133      0              0              0              0.022222396    0              0              0.018923544    0.30280668     0              3.1336752      
1560           1.0220668      23.344062      0              0              0              0.022334645    0              0              0.018999924    0.30265543     0              3.1345109      
1570           1.0179363      23.323711      0              0              0              0.022438742    0              0              0.019078188    0.30254568     0              3.139294       
1580           1.0178346      23.336582      0              0              0              0.022559287    0              0              0.019147623    0.30247181     0              3.1399248      
1590           1.0165269      23.34419       0              0              0              0.022581467    0              0              0.019249646    0.30246326     0              3.1351081      
1600           1.0136304      23.302707      0              0              0              0.022620159    0              0              0.019352565    0.30243461     0              3.1350274      
1610           1.0155317      23.319933      0              0              0              0.022646485    0              0              0.019408337    0.30232195     0              3.1384492      
1620           1.017275       23.358685      0              0              0              0.0227233      0              0              0.019447103    0.3022636      0              3.1399603      
1630           1.0144193      23.352871      0              0              0              0.022737144    0              0              0.019469121    0.30216691     0              3.1339945      
1640           1.0148333      23.368292      0              0              0              0.022782119    0              0              0.019482206    0.3020941      0              3.1326323      
1650           1.0205642      23.315247      0              0              0              0.022790279    0              0              0.019501286    0.302021       0              3.1360116      
1660           1.0153749      23.285853      0              0              0              0.022804769    0              0              0.019479607    0.3019404      0              3.1356389      
1670           1.0217301      23.375279      0              0              0              0.022707226    0              0              0.019460317    0.301898       0              3.1238233      
1680           1.0239717      23.36231       0              0              0              0.02257011     0              0              0.019424909    0.30206258     0              3.1180937      
1690           1.0221982      23.384262      0              0              0              0.022330744    0              0              0.019369597    0.30217552     0              3.1120575      
1700           1.020695       23.408421      0              0              0              0.022258589    0              0              0.019304111    0.30224637     0              3.10578        
1710           1.0198181      23.425862      0              0              0              0.022222346    0              0              0.019216218    0.30241112     0              3.0993053      
1720           1.0166745      23.472014      0              0              0              0.022063441    0              0              0.019139887    0.30253624     0              3.0829349      
1730           1.0185753      23.45645       0              0              0              0.021879199    0              0              0.019088486    0.3025831      0              3.0822278      
1740           1.0158987      23.47049       0              0              0              0.021708072    0              0              0.0190208      0.30265583     0              3.0804322      
1750           1.0127369      23.452209      0              0              0              0.021449787    0              0              0.018944733    0.30272928     0              3.0816922      
1760           1.0117422      23.513277      0              0              0              0.021360067    0              0              0.018874969    0.30271064     0              3.0777391      
1770           1.0099897      23.49461       0              0              0              0.02127966     0              0              0.018832976    0.30267655     0              3.0784435      
1780           1.0086018      23.461471      0              0              0              0.021220407    0              0              0.018833375    0.30260226     0              3.0809972      
1790           1.0065835      23.456945      0              0              0              0.021235249    0              0              0.018835474    0.30247051     0              3.0800851      
1800           1.0080228      23.50617       0              0              0              0.02116428     0              0              0.018834611    0.30228234     0              3.0802715      
1810           1.0089072      23.51299       0              0              0              0.021297023    0              0              0.018852171    0.30201965     0              3.0850769      
1820           1.0090752      23.480933      0              0              0              0.021374304    0              0              0.018886643    0.30178957     0              3.0950181      
1830           1.0124354      23.486594      0              0              0              0.021472677    0              0              0.018894566    0.30157028     0              3.0975816      
1840           1.0187463      23.548965      0              0              0              0.02166288     0              0              0.018890991    0.30132739     0              3.095096       
1850           1.0180828      23.466554      0              0              0              0.021698693    0              0              0.01892937     0.3010348      0              3.0977267      
1860           1.0183263      23.455831      0              0              0              0.021722631    0              0              0.018973867    0.30074556     0              3.1049296      
1870           1.0203415      23.3953        0              0              0              0.021706424    0              0              0.01898313     0.30045675     0              3.109304       
1880           1.0236151      23.41572       0              0              0              0.021683805    0              0              0.018998914    0.30017113     0              3.1071476      
1890           1.0234343      23.412326      0              0              0              0.021740581    0              0              0.01904925     0.29993613     0              3.1081067      
1900           1.0219496      23.391241      0              0              0              0.02187056     0              0              0.019106426    0.29969328     0              3.1141323      
1910           1.0205289      23.355525      0              0              0              0.021914618    0              0              0.019179196    0.29945119     0              3.1153283      
1920           1.0210509      23.359066      0              0              0              0.021977263    0              0              0.019249576    0.2992858      0              3.1163965      
1930           1.0193416      23.328336      0              0              0              0.021973772    0              0              0.019309065    0.29912378     0              3.1204185      
1940           1.0174015      23.307783      0              0              0              0.02200734     0              0              0.019351399    0.29896237     0              3.1251859      
1950           1.0154953      23.330075      0              0              0              0.022019443    0              0              0.019379238    0.2987678      0              3.122838       
1960           1.0130612      23.329142      0              0              0              0.022113336    0              0              0.019418586    0.29863023     0              3.1225882      
1970           1.0139119      23.292516      0              0              0              0.022158744    0              0              0.019484134    0.29856282     0              3.1262532      
1980           1.0112955      23.270516      0              0              0              0.022120779    0              0              0.019541674    0.29849381     0              3.1248298      
1990           1.0100579      23.331353      0              0              0              0.02210552     0              0              0.019559751    0.29833209     0              3.120098       
2000           1.0101729      23.291489      0              0              0              0.02213166     0              0              0.019608737    0.29812414     0              3.1261555      
2010           1.0080508      23.279754      0              0              0              0.022189847    0              0              0.019628821    0.29801453     0              3.1305851      
2020           1.0125567      23.304056      0              0              0              0.022171842    0              0              0.019648455    0.29788966     0              3.1225622      
2030           1.0188606      23.352071      0              0              0              0.022120814    0              0              0.01964945     0.29785228     0              3.1175581      
2040           1.0177198      23.392724      0              0              0              0.022080457    0              0              0.019646611    0.29783087     0              3.1158851      
2050           1.0160478      23.349685      0              0              0              0.022113131    0              0              0.019625196    0.29789535     0              3.1145421      
2060           1.018373       23.357953      0              0              0              0.022028539    0              0              0.019607152    0.29796472     0              3.1064122      
2070           1.018958       23.412927      0              0              0              0.02193971     0              0              0.019602977    0.29803654     0              3.1046561      
2080           1.0212702      23.423571      0              0              0              0.021815842    0              0              0.01954289     0.29812024     0              3.097677       
2090           1.0173737      23.434978      0              0              0              0.02168981     0              0              0.019483054    0.29822189     0              3.093968       
2100           1.0141932      23.469771      0              0              0              0.021576632    0              0              0.019449305    0.29829096     0              3.0882064      
2110           1.0141463      23.476887      0              0              0              0.021510361    0              0              0.019399119    0.29836957     0              3.0809053      
2120           1.0119698      23.47422       0              0              0              0.021377674    0              0              0.019355999    0.29848888     0              3.0821752      
2130           1.0143544      23.436853      0              0              0              0.021275229    0              0              0.019327061    0.29847605     0              3.0829504      
2140           1.0088089      23.470962      0              0              0              0.02115691     0              0              0.019306299    0.29838875     0              3.0763908      
2150           1.0075236      23.448627      0              0              0              0.02102324     0              0              0.019293488    0.29838369     0              3.0768634      
2160           1.0109723      23.469574      0              0              0              0.020950187    0              0              0.019304155    0.29828261     0              3.0806593      
2170           1.0090705      23.463529      0              0              0              0.020892905    0              0              0.019324396    0.29814957     0              3.0825954      
2180           1.0083975      23.468719      0              0              0              0.020890172    0              0              0.019367859    0.29806102     0              3.0831902      
2190           1.009902       23.451554      0              0              0              0.021001225    0              0              0.019427027    0.29792378     0              3.0877222      
2200           1.007997       23.439784      0              0              0              0.021027345    0              0              0.019480303    0.29777248     0              3.088091       
2210           1.0143746      23.453925      0              0              0              0.021113       0              0              0.019511077    0.29758377     0              3.0946051      
2220           1.0130272      23.383643      0              0              0              0.021199911    0              0              0.019550005    0.29732829     0              3.0986707      
2230           1.0130061      23.403575      0              0              0              0.021262276    0              0              0.019586567    0.29704302     0              3.1024966      
2240           1.0128532      23.369195      0              0              0              0.021386843    0              0              0.019615385    0.29681369     0              3.1031437      
2250           1.0147309      23.369218      0              0              0              0.021563666    0              0              0.019645148    0.29655598     0              3.1041262      
2260           1.0145246      23.350801      0              0              0              0.021629041    0              0              0.019675993    0.29633265     0              3.1102316      
2270           1.0200172      23.384225      0              0              0              0.021766363    0              0              0.019732507    0.29606422     0              3.1117931      
2280           1.0197403      23.423348      0              0              0              0.021832489    0              0              0.019803125    0.29585833     0              3.1118673      
2290           1.0193007      23.379976      0              0              0              0.021823351    0              0              0.01986365     0.29566827     0              3.1099638      
2300           1.0178985      23.351016      0              0              0              0.021847568    0              0              0.019931545    0.29541799     0              3.1100145      
2310           1.0185183      23.364436      0              0              0              0.021945185    0              0              0.019998135    0.29522472     0              3.1146878      
2320           1.016774       23.338819      0              0              0              0.022076334    0              0              0.020053581    0.2950616      0              3.1110717      
2330           1.0172902      23.397863      0              0              0              0.022127786    0              0              0.020095137    0.29499227     0              3.1068446      
2340           1.0131365      23.321302      0              0              0              0.022257518    0              0              0.020132457    0.29486965     0              3.1092684      
2350           1.0110081      23.32623       0              0              0              0.022337581    0              0              0.020189847    0.29474249     0              3.1163332      
2360           1.0128341      23.344239      0              0              0              0.022316535    0              0              0.020199239    0.29462991     0              3.1110394      
2370           1.0131577      23.347751      0              0              0              0.022308763    0              0              0.020195119    0.29450674     0              3.1108602      
2380           1.0179432      23.310494      0              0              0              0.022304975    0              0              0.02018792     0.29440357     0              3.1078108      
2390           1.0121975      23.35443       0              0              0              0.022224713    0              0              0.020167671    0.29435565     0              3.1032112      
2400           1.0098251      23.340378      0              0              0              0.022228716    0              0              0.020123524    0.29437654     0              3.1096774      
2410           1.0135903      23.368682      0              0              0              0.022168331    0              0              0.020035207    0.29438906     0              3.1076544      
2420           1.0133736      23.319867      0              0              0              0.022105693    0              0              0.019935674    0.29441339     0              3.1058378      
2430           1.0169653      23.382875      0              0              0              0.022096166    0              0              0.019821415    0.2945318      0              3.1037665      
2440           1.0173775      23.405156      0              0              0              0.021982702    0              0              0.01976304     0.29453597     0              3.0970788      
2450           1.018449       23.370231      0              0              0              0.021827186    0              0              0.019694221    0.29462865     0              3.0892754      
2460           1.0175325      23.407975      0              0              0              0.021723764    0              0              0.019630479    0.29475486     0              3.084113       
2470           1.0155161      23.418507      0              0              0              0.021664094    0              0              0.019593684    0.29483878     0              3.0871928      
2480           1.0160504      23.47791       0              0              0              0.021570429    0              0              0.019537865    0.29493568     0              3.0813456      
2490           1.0164568      23.394844      0              0              0              0.021470324    0              0              0.019488525    0.2950663      0              3.0753253      
2500           1.0141317      23.442274      0              0              0              0.021374602    0              0              0.019439477    0.29512638     0              3.0726485      
2510           1.0156451      23.454005      0              0              0              0.021424115    0              0              0.019419323    0.29520071     0              3.0819729      
2520           1.0106139      23.461881      0              0              0              0.02140427     0              0              0.019422203    0.2952357      0              3.079808       
2530           1.0112268      23.471043      0              0              0              0.021378211    0              0              0.019430237    0.29525277     0              3.0806684      
2540           1.0097531      23.431973      0              0              0              0.021294751    0              0              0.019457319    0.29526834     0              3.083534       
2550           1.0089405      23.421858      0              0              0              0.021329916    0              0              0.019485019    0.29522754     0              3.0851442      
2560           1.0088063      23.417638      0              0              0              0.021353122    0              0              0.019525998    0.29521246     0              3.0899751      
2570           1.01219        23.429122      0              0              0              0.02137857     0              0              0.019542732    0.29513874     0              3.0943426      
2580           1.0103214      23.457324      0              0              0              0.021344993    0              0              0.019554058    0.29500631     0              3.094076       
2590           1.010214       23.411994      0              0              0              0.021383818    0              0              0.0195501      0.29485895     0              3.0924442      
2600           1.0113931      23.411589      0              0              0              0.021422602    0              0              0.019549984    0.2946485      0              3.0903687      
2610           1.0139818      23.440311      0              0              0              0.021367879    0              0              0.019570619    0.29445153     0              3.0943663      
2620           1.0100271      23.41413       0              0              0              0.021425509    0              0              0.01958078     0.29428906     0              3.1044211      
2630           1.0104879      23.356257      0              0              0              0.021505819    0              0              0.019598312    0.29411567     0              3.1001668      
2640           1.0144859      23.395602      0              0              0              0.021481037    0              0              0.019648631    0.29387603     0              3.0983272      
2650           1.0175552      23.385507      0              0              0              0.021500547    0              0              0.019672546    0.29367442     0              3.0999454      
2660           1.017815       23.358602      0              0              0              0.021585018    0              0              0.019686195    0.2935112      0              3.1126753      
2670           1.0142349      23.354949      0              0              0              0.021577017    0              0              0.019709959    0.29332913     0              3.109277       
2680           1.0147111      23.312738      0              0              0              0.021626626    0              0              0.019718702    0.29317372     0              3.1026391      
2690           1.0144401      23.318598      0              0              0              0.021665633    0              0              0.019772269    0.29301621     0              3.1030799      
2700           1.0149733      23.320944      0              0              0              0.021774896    0              0              0.019806919    0.292863       0              3.1091754      
2710           1.0150981      23.279078      0              0              0              0.021770904    0              0              0.019861791    0.29271628     0              3.1051723      
2720           1.0126976      23.351275      0              0              0              0.021844927    0              0              0.019883945    0.29254358     0              3.0983004      
2730           1.0119937      23.35391       0              0              0              0.021932252    0              0              0.019918842    0.29243815     0              3.1055198      
2740           1.0117221      23.419546      0              0              0              0.021942723    0              0              0.019944358    0.29238624     0              3.1097687      
2750           1.0102959      23.342782      0              0              0              0.022067505    0              0              0.019954083    0.2922961      0              3.1091008      
2760           1.0081632      23.314351      0              0              0              0.022094765    0              0              0.019941662    0.29217964     0              3.1079429      
2770           1.0096791      23.333533      0              0              0              0.022025937    0              0              0.019928446    0.29210201     0              3.1023471      
2780           1.0092348      23.348216      0              0              0              0.021932446    0              0              0.019911757    0.29199498     0              3.0992604      
2790           1.007635       23.386919      0              0              0              0.021862061    0              0              0.019888583    0.29190077     0              3.101137       
2800           1.0085526      23.416709      0              0              0              0.021827151    0              0              0.019856157    0.29189391     0              3.1032477      
2810           1.0122453      23.345006      0              0              0              0.021796532    0              0              0.019783351    0.29191844     0              3.1011902      
2820           1.0105464      23.354661      0              0              0              0.02170849     0              0              0.019715835    0.2919832      0              3.0943562      
2830           1.0086717      23.362266      0              0              0              0.021562026    0              0              0.019659781    0.29199498     0              3.0881207      
2840           1.0120256      23.404844      0              0              0              0.021448653    0              0              0.019610673    0.29200396     0              3.0852469      
2850           1.0163552      23.355185      0              0              0              0.021433638    0              0              0.019563682    0.29207784     0              3.0927104      
2860           1.0161035      23.410198      0              0              0              0.021414602    0              0              0.019483811    0.29216522     0              3.091724       
2870           1.013112       23.412037      0              0              0              0.021325035    0              0              0.01945        0.29220448     0              3.0889897      
2880           1.0140139      23.456573      0              0              0              0.021291059    0              0              0.019433607    0.29220509     0              3.0807183      
2890           1.0088797      23.44064       0              0              0              0.02130017     0              0              0.019404519    0.29221054     0              3.0836642      
2900           1.0094637      23.430689      0              0              0              0.021211335    0              0              0.019381861    0.29218723     0              3.078632       
2910           1.0120527      23.455169      0              0              0              0.021147674    0              0              0.019394392    0.2921222      0              3.0752093      
2920           1.0118014      23.471361      0              0              0              0.021131197    0              0              0.01941072     0.29212692     0              3.0845695      
2930           1.0144745      23.401394      0              0              0              0.021178247    0              0              0.01941708     0.29211897     0              3.0946092      
2940           1.0161101      23.419383      0              0              0              0.021142629    0              0              0.01941121     0.29207459     0              3.0940872      
2950           1.0151987      23.449741      0              0              0              0.021127316    0              0              0.019396999    0.2919558      0              3.0966436      
2960           1.015075       23.437833      0              0              0              0.021085075    0              0              0.019405035    0.29177975     0              3.0990488      
2970           1.0168339      23.407477      0              0              0              0.021079456    0              0              0.01940927     0.29159777     0              3.097235       
2980           1.0123134      23.370719      0              0              0              0.021087942    0              0              0.01941327     0.29146194     0              3.0908149      
2990           1.009827       23.395926      0              0              0              0.021072744    0              0              0.01939033     0.29130037     0              3.0907724      
3000           1.0104239      23.407635      0              0              0              0.021002614    0              0              0.019392603    0.29109629     0              3.0937745      
3010           1.0137496      23.411263      0              0              0              0.020942843    0              0              0.019402736    0.29097069     0              3.0976993      
3020           1.0144884      23.373571      0              0              0              0.020993684    0              0              0.019400721    0.29087316     0              3.0995109      
3030           1.0192763      23.399756      0              0              0              0.020977985    0              0              0.019421531    0.29080984     0              3.1018278      
3040           1.010973       23.37076       0              0              0              0.020970779    0              0              0.019426407    0.29073683     0              3.1027571      
3050           1.015399       23.416361      0              0              0              0.020994852    0              0              0.019442061    0.29063895     0              3.1033384      
3060           1.0143557      23.331767      0              0              0              0.021009544    0              0              0.019485912    0.29049504     0              3.1092535      
3070           1.0146367      23.340934      0              0              0              0.021045841    0              0              0.019510841    0.29037691     0              3.1142912      
3080           1.0123155      23.393868      0              0              0              0.021039646    0              0              0.019531112    0.29026784     0              3.1049108      
3090           1.0109679      23.322913      0              0              0              0.021048727    0              0              0.019551588    0.29019155     0              3.1065322      
3100           1.0118378      23.282141      0              0              0              0.021077059    0              0              0.019574418    0.29008994     0              3.1117229      
3110           1.0117284      23.364177      0              0              0              0.021191523    0              0              0.019591175    0.28999188     0              3.1111915      
3120           1.0118065      23.364232      0              0              0              0.021254012    0              0              0.019598022    0.28992317     0              3.1125688      
3130           1.0113574      23.335143      0              0              0              0.021287436    0              0              0.019598318    0.28989064     0              3.1106893      
3140           1.0120803      23.409119      0              0              0              0.021316922    0              0              0.019617473    0.28985902     0              3.1086879      
3150           1.0135134      23.302878      0              0              0              0.021272803    0              0              0.019629692    0.28980498     0              3.1004236      
3160           1.0139163      23.306303      0              0              0              0.021189343    0              0              0.019603915    0.28980664     0              3.1013925      
3170           1.0119856      23.381263      0              0              0              0.021082274    0              0              0.019550707    0.28986543     0              3.091139       
3180           1.009221       23.373327      0              0              0              0.021002765    0              0              0.019493167    0.28991404     0              3.0843115      
3190           1.0130022      23.402423      0              0              0              0.020971445    0              0              0.019420195    0.28995102     0              3.0871009      
3200           1.0111205      23.386141      0              0              0              0.020877061    0              0              0.01936252     0.28997607     0              3.0810253      
3210           1.0149424      23.390728      0              0              0              0.020809421    0              0              0.019313235    0.28996999     0              3.0831065      
3220           1.0121572      23.42076       0              0              0              0.020834222    0              0              0.019242871    0.28997484     0              3.0851246      
3230           1.0115376      23.434153      0              0              0              0.020762668    0              0              0.01918228     0.28992589     0              3.0867035      
3240           1.0118745      23.452989      0              0              0              0.020700155    0              0              0.019135327    0.28989982     0              3.0862732      
3250           1.0114413      23.402152      0              0              0              0.02066831     0              0              0.019098711    0.28987889     0              3.0843301      
3260           1.0143269      23.386726      0              0              0              0.020691956    0              0              0.019093734    0.28989786     0              3.0839725      
3270           1.0091513      23.408176      0              0              0              0.020711661    0              0              0.019106812    0.28988616     0              3.0847832      
3280           1.01351        23.388475      0              0              0              0.020693613    0              0              0.019123045    0.28986547     0              3.0877628      
3290           1.0086226      23.389035      0              0              0              0.02069882     0              0              0.019146729    0.289876       0              3.0918433      
3300           1.007184       23.36626       0              0              0              0.020688571    0              0              0.019164635    0.28984347     0              3.0900303      
3310           1.0096995      23.39171       0              0              0              0.020644943    0              0              0.019173959    0.2898182      0              3.0881389      
3320           1.0110469      23.405637      0              0              0              0.020695626    0              0              0.019189414    0.28979757     0              3.0928231      
3330           1.0063759      23.397126      0              0              0              0.020660067    0              0              0.019215828    0.28970431     0              3.0933032      
3340           1.007402       23.400306      0              0              0              0.020689522    0              0              0.019220752    0.28956652     0              3.0986588      
3350           1.0069727      23.383069      0              0              0              0.020625678    0              0              0.01922313     0.28942273     0              3.0916907      
3360           1.0102918      23.388744      0              0              0              0.020547344    0              0              0.019251886    0.28928464     0              3.0901239      
3370           1.0151409      23.393697      0              0              0              0.020590236    0              0              0.019248392    0.28912222     0              3.0916541      
3380           1.0094233      23.413531      0              0              0              0.020555867    0              0              0.019260778    0.28898414     0              3.0960702      
3390           1.0108898      23.339302      0              0              0              0.020586167    0              0              0.019260418    0.28883678     0              3.0962036      
3400           1.008935       23.386221      0              0              0              0.020669117    0              0              0.019265128    0.28874555     0              3.1019848      
3410           1.0097797      23.383794      0              0              0              0.020739349    0              0              0.019273882    0.28867153     0              3.1084766      
3420           1.0124356      23.324349      0              0              0              0.020770181    0              0              0.019280069    0.28856511     0              3.1076745      
3430           1.0147087      23.356184      0              0              0              0.020739801    0              0              0.019288997    0.28848643     0              3.1011278      
3440           1.0143698      23.359727      0              0              0              0.020731068    0              0              0.019315382    0.28841351     0              3.1035106      
3450           1.0160291      23.394129      0              0              0              0.020760264    0              0              0.019333264    0.28833034     0              3.1027018      
3460           1.0151018      23.359107      0              0              0              0.02077017     0              0              0.019324385    0.28826892     0              3.1003926      
3470           1.0154742      23.345873      0              0              0              0.020745296    0              0              0.019315615    0.28817765     0              3.096767       
3480           1.011502       23.371675      0              0              0              0.020807135    0              0              0.019279638    0.28809766     0              3.0961541      
3490           1.0122065      23.330648      0              0              0              0.020822874    0              0              0.019250225    0.28805306     0              3.0960963      
3500           1.0126958      23.402673      0              0              0              0.020780816    0              0              0.01923152     0.28798779     0              3.101532       
3510           1.0166576      23.414611      0              0              0              0.020737536    0              0              0.019220335    0.28791222     0              3.1017453      
3520           1.0135342      23.390247      0              0              0              0.020704479    0              0              0.01919127     0.28785783     0              3.1031472      
3530           1.0128771      23.389132      0              0              0              0.020624159    0              0              0.01914814     0.28776205     0              3.0955793      
3540           1.0148234      23.357766      0              0              0              0.020583883    0              0              0.019113919    0.28770192     0              3.0992098      
3550           1.0118218      23.305479      0              0              0              0.020546682    0              0              0.019064394    0.28768861     0              3.1016935      
3560           1.0100049      23.39102       0              0              0              0.020513431    0              0              0.019012264    0.28770651     0              3.0977526      
3570           1.011477       23.356367      0              0              0              0.020478854    0              0              0.018967741    0.28773684     0              3.0958187      
3580           1.0124708      23.341072      0              0              0              0.020449432    0              0              0.018942586    0.28771138     0              3.096032       
3590           1.0092263      23.432537      0              0              0              0.020437226    0              0              0.0189118      0.28776638     0              3.0880627      
3600           1.0097583      23.396964      0              0              0              0.02038866     0              0              0.018875302    0.28777214     0              3.0875544      
3610           1.0074153      23.397057      0              0              0              0.020392845    0              0              0.018855776    0.28781244     0              3.089476       
3620           1.0071061      23.388334      0              0              0              0.020382952    0              0              0.018844909    0.28784888     0              3.0926831      
3630           1.0072402      23.407793      0              0              0              0.020339738    0              0              0.018805411    0.28784985     0              3.0886396      
3640           1.0112644      23.39203       0              0              0              0.020347855    0              0              0.018772684    0.28782293     0              3.090203       
3650           1.0106928      23.43205       0              0              0              0.020324147    0              0              0.018758123    0.28780122     0              3.0871275      
3660           1.0104843      23.416213      0              0              0              0.020252503    0              0              0.01875342     0.28770253     0              3.0858921      
3670           1.009265       23.394205      0              0              0              0.020258753    0              0              0.018746764    0.28758198     0              3.0915211      
3680           1.0109781      23.431468      0              0              0              0.020305914    0              0              0.018738935    0.28748416     0              3.0922464      
3690           1.0084076      23.356428      0              0              0              0.020322174    0              0              0.018727041    0.28740651     0              3.0997005      
3700           1.0095966      23.369612      0              0              0              0.020342815    0              0              0.018728962    0.28732569     0              3.0976877      
3710           1.0081689      23.400968      0              0              0              0.020287262    0              0              0.018712127    0.28722852     0              3.0916002      
3720           1.0121457      23.412092      0              0              0              0.020255998    0              0              0.018731329    0.28715042     0              3.090497       
3730           1.0135837      23.422193      0              0              0              0.020276906    0              0              0.018753246    0.28708699     0              3.0918804      
3740           1.0094631      23.37442       0              0              0              0.02026498     0              0              0.01876151     0.28699178     0              3.0984849      
3750           1.0104098      23.382616      0              0              0              0.020256695    0              0              0.018749313    0.28688864     0              3.0998434      
3760           1.0131803      23.391755      0              0              0              0.020254951    0              0              0.018742201    0.28680633     0              3.1024839      
3770           1.0140498      23.41023       0              0              0              0.020285955    0              0              0.018730123    0.28665991     0              3.1002929      
3780           1.0132252      23.348553      0              0              0              0.020248542    0              0              0.018709799    0.28647171     0              3.0985482      
3790           1.0095955      23.35991       0              0              0              0.020255366    0              0              0.018707926    0.28628449     0              3.1002783      
3800           1.0125895      23.365936      0              0              0              0.020258242    0              0              0.018709874    0.28614897     0              3.1029405      
3810           1.012065       23.370324      0              0              0              0.020248599    0              0              0.018725968    0.28601207     0              3.0980181      
3820           1.0127998      23.369399      0              0              0              0.020262646    0              0              0.0187438      0.28590246     0              3.0952981      
3830           1.0116966      23.305231      0              0              0              0.020294713    0              0              0.018749623    0.2858009      0              3.0943024      
3840           1.0149018      23.400314      0              0              0              0.020300283    0              0              0.018735267    0.2857265      0              3.0931295      
3850           1.0154519      23.343702      0              0              0              0.020264352    0              0              0.01874068     0.28564859     0              3.093024       
3860           1.0148845      23.35717       0              0              0              0.020194214    0              0              0.018748108    0.2855778      0              3.09504        
3870           1.0179492      23.400888      0              0              0              0.020139258    0              0              0.018727548    0.28552925     0              3.0943206      
3880           1.0138819      23.398446      0              0              0              0.020085907    0              0              0.018699878    0.28549509     0              3.0895122      
3890           1.0117566      23.345772      0              0              0              0.020123503    0              0              0.018667886    0.28549963     0              3.0911351      
3900           1.01384        23.322657      0              0              0              0.020127834    0              0              0.01863989     0.28551077     0              3.0938106      
3910           1.0153455      23.399125      0              0              0              0.020096918    0              0              0.018623437    0.28548565     0              3.0863339      
3920           1.0114554      23.376255      0              0              0              0.020036351    0              0              0.018601201    0.28545914     0              3.0886846      
3930           1.0073707      23.361686      0              0              0              0.020008408    0              0              0.01855887     0.28538515     0              3.0904753      
3940           1.0078295      23.357819      0              0              0              0.019965629    0              0              0.018531327    0.28530814     0              3.0859734      
3950           1.0072391      23.357866      0              0              0              0.020000162    0              0              0.018489497    0.28526141     0              3.0896823      
3960           1.007784       23.353908      0              0              0              0.019960064    0              0              0.018463858    0.28522636     0              3.0880167      
3970           1.0127446      23.431572      0              0              0              0.019854636    0              0              0.018451078    0.2852126      0              3.0873528      
3980           1.0130434      23.384216      0              0              0              0.019799665    0              0              0.018423406    0.28519082     0              3.0845913      
3990           1.015371       23.450248      0              0              0              0.019795504    0              0              0.018401196    0.28517296     0              3.0856822      
4000           1.0119193      23.410782      0              0              0              0.019806169    0              0              0.018369784    0.28516041     0              3.0855912      
